NO ./assets/bluestone.xpm
SO ./assets/colorstone.xpm
EA ./assets/greystone.xpm
WE ./assets/mossy.xpm


C 104,17,45
F 84,84,84

111111111111111
100000100000001
1000011111111111111111111
10000011000000000000010001
10000010000000000000000001
10000011000000000000010001
11101111111011111111110001
110000110000001      10001
100000010000001      10001
100000010000001      10001
10000000000000111111111011111111111
100000010000001000E0000000000000001
100000010000001000001000000000000011111
110000110000001001110000000000110010001
111111111111111001000000000000010010001
              1111111111111111111111111